type scf
hp 500
mass 1000
thrust 5296000
impulse 10000
poly {
	color 100,100,100
	body {
		x 2,2.5,2.375,-1.5,-1.5,-1.75,-2,-2.25,-2.75,-3.75,-2.75,-2.25,-2,-1.75,-1.5,-1.5,2.375,2.5,2
		y -0.25,-0.75,-1,-1,-0.875,-0.625,-0.5,-0.5,-0.25,0,0.25,0.5,0.5,0.625,0.875,1,1,0.75,0.25
	}
}
poly {
	color 75,75,75
	body {
		x 2.25,2.5,2,2,2.5,2.25
		y -0.25,-0.75,-0.25,0.25,0.75,0.25
	}
}
poly {
	color 75,75,75
	body {
		x -1.75,-1.375,-1.375,-1.5,-1.5,-1.75,-2
		y -0.5,-0.875,-1,-1,-0.875,-0.625,-0.5
	}
}
poly {
	color 75,75,75
	body {
		x -1.75,-1.375,-1.375,-1.5,-1.5,-1.75,-2
		y 0.5,0.875,1,1,0.875,0.625,0.5
	}
}
poly {
	color 75,75,75
	body {
		x -2.625,-2.75,-3.75,-2.75,-2.625
		y -0.125,-0.25,0,0.25,0.125
	}
}
poly {
	color 192,192,192
	body {
		x 1.625,1.375,1.5,1.625,1.75,1.75,1.5,1.5,1.375,1.25,1.125,1,1.125,1.25,1.375,1.375,1.125,1.125,1,0.875,0.75,0.625,0.75,0.875,1,1,0.75,0.75,0.625,0.5,0.375,0.25,0.375,0.5,0.625,0.625,0.375,0.375,0.25,0.125,0,-0.125,-0.875,-1.125,-1.375,-1.5,-1.625,-1.375,-1.125,-0.875,-0.25,-1.125,-1,-0.875,-0.875,-1,-1,-1.125,-1.25,-1.375,-1.25,-1.125,-1.125,-1.25,-1.25,-1.375,-1.5,-1.625,-1.5,-1.375,-1.375,-1.5,-1.5,-1.625,-1.75,-1.875,-1.75,-1.625,-1.625,-1.75,-1.75,-1.875,-2,-2.125,-2.375,-2.375,-2.5,-2.75,-2.875,-2.625,-2.875,-2.625,-2.875,-2.75,-2.5,-2.375,-2.375,-2.125,-0.5,-0.875,-1.125,-1.375,-1.625,-1.5,-1.375,-1.125,-0.875,-0.25,-0.125,0.125,0.25,0.25,0.5,0.5,0.375,0.125,0.25,0.5,0.625,0.625,0.875,0.875,0.75,0.5,0.625,0.875,1,1,1.25,1.25,1.125,0.875,1,1.25,1.375,1.375,1.625,1.625,1.5,1.25,1.375,1.625
		y 0,-0.125,-0.5,-0.75,-0.875,-1,-1,-0.875,-0.75,-0.5,-0.125,-0.125,-0.5,-0.75,-0.875,-1,-1,-0.875,-0.75,-0.5,-0.125,-0.125,-0.5,-0.75,-0.875,-1,-1,-0.875,-0.75,-0.5,-0.125,-0.125,-0.5,-0.75,-0.875,-1,-1,-0.875,-0.75,-0.5,-0.125,-0.125,-0.875,-0.87,-1,-1,-0.875,-0.875,-0.625,-0.625,0,0,-0.25,-0.375,-0.5,-0.5,-0.375,-0.25,0,0,-0.25,-0.375,-0.5,-0.5,-0.375,-0.25,0,0,-0.25,-0.375,-0.5,-0.5,-0.375,-0.25,0,0,-0.25,-0.375,-0.5,-0.5,-0.375,-0.25,0,0,-0.125,-0.25,-0.375,-0.25,-0.125,-0.125,0,0.125,0.125,0.25,0.375,0.25,0,0.25,0.25,0.625,0.625,0.875,0.875,1,1,0.875,0.875,0.25,0.25,0.75,0.875,1,1,0.875,0.75,0.25,0.25,0.75,0.875,1,1,0.875,0.75,0.25,0.25,0.75,0.875,1,1,0.875,0.75,0.25,0.25,0.75,0.875,1,1,0.875,0.75,0.25,0.25,0.125
	}
}