type scf
hp 500
mass 2000
thrust 662000
impulse 10000
poly {
	color matteMetalMedium
	body {
		x 2,1.875,1.75,-1,-1.5,-1.75,-1.75,-2.25,-2.5,-1.5,-0.75
		y 0,-0.125,-0.5,-0.5,0,0,0.375,0.625,0.75,0.75,0
	}
}
poly {
	color matteMetalDark
	body {
		x -1.625,-1.75,-1.75,-1.875,-2.25,-2.5,-2.25,-1.75,-1.625
		y 0,0,0.125,0.375,0.625,0.75,0.75,0.5,0.125
	}
}
poly {
	color matteMetalDark
	body {
		x 2,2,1.75,1.875
		y 0,-0.125,-0.5,-0.125
	}
}
poly {
	color shinyMetalLight
	body {
		x 1.5,1.25,1.375,1.375,1.25,1.25,1.125,0.75,0.875,0.875,0.75,0.75,0.625,0.25,0.375,0.375,0.25,0.25,0.125,-0.25,-0.125,-0.125,-0.25,-0.25,-0.375,-0.75,-1.5,-1.625,-1.75,-1.875,-1.75,-1.625,-1.5,-0.75,1.25
		y -0.25,-0.25,-0.375,-0.5,-0.5,-0.375,-0.25,-0.25,-0.375,-0.5,-0.5,-0.375,-0.25,-0.25,-0.375,-0.5,-0.5,-0.375,-0.25,-0.25,-0.375,-0.5,-0.5,-0.375,-0.25,-0.25,0.25,0,0,0.125,0.125,0.25,0.5,-0.125,-0.125
	}
}