type scf
hp 700
mass 1700
thrust 1324000
impulse 7000
poly {
	color 100,100,100
	body {
		x 1,1,0.5,0.75,1,1,0.5,-0.5,-1,-1,-1.25,-1.5
		y 0,-0.5,-0.5,-0.75,-0.75,-1,-1,-0.5,-0.5,-0.375,-0.125,0
	}
}
poly {
	color 75,75,75
	body {
		x -1,-1,-1.25,-1.5,-1.25,-0.875,-0.875
		y -0.5,-0.375,-0.125,0,0,-0.375,-0.5
	}
}
poly {
	color 192,192,192
	body {
		x 0.875,0.625,0.75,0.75,0.625,0.625,0.5,0.375,0.5,0.5,0.375,0.375,0.25,0,0.5,0.75,0.5,0.25,0,-0.5,-0.625,-0.875,-1,-1.125,-0.875,-0.625,0.625
		y -0.25,-0.25,-0.375,-0.5,-0.5,-0.375,-0.25,-0.25,-0.375,-0.5,-0.5,-0.375,-0.25,-0.25,-0.75,-0.875,-0.875,-0.75,-0.5,-0.25,-0.375,-0.5,-0.5,-0.375,-0.375,-0.125,-0.125
	}
}