type scf
hp 500
mass 1000
thrust 662000
impulse 10000
poly {
	color 100,100,100
	body {
		x 1,1,-1,-1,-1.125,-1.25,-1.5
		y 0,-0.5,-0.5,-0.375,-0.25,-0.125,0
	}
}
poly {
	color 192,192,192
	body {
		x 0.625,0.875,0.625,0.75,0.75,0.625,0.625,0.5,0.375,0.5,0.5,0.375,0.375,0.25,0.125,0.25,0.25,0.125,0.125,0,-0.125,0,0,-0.125,-0.125,-0.25,-0.5,-0.625,-0.875,-1,-1.125,-0.875,-0.625
		y -0.125,-0.25,-0.25,-0.375,-0.5,-0.5,-0.375,-0.25,-0.25,-0.375,-0.5,-0.5,-0.375,-0.25,-0.25,-0.375,-0.5,-0.5,-0.375,-0.25,-0.25,-0.375,-0.5,-0.5,-0.375,-0.25,-0.25,-0.375,-0.5,-0.5,-0.375,-0.375,-0.125
	}
}