type scf
hp 700
mass 3000
thrust 2438000
impulse 100000
poly {
	color 75,75,75
	body {
		x 1.625,1.5,1,1,1.5,1.625
		y -0.75,-1,-0.5,0,0.5,0.25
	}
}
poly {
	color 100,100,100
	body {
		x 1,1,1.625,1.625,1,1.125,1.625,1.625,1.25,1.5,-1,-2,-1,-2,-1,-2,1.5,1.125,1.625,1.625,1,1,1.625,1.625
		y -0.25,-0.375,-0.375,-0.5,-0.5,-0.625,-0.625,-0.75,-0.75,-1,-1,-0.5,-0.5,0,0,0.5,0.5,0.125,0.125,0,0,-0.125,-0.125,-0.25
	}
}
poly {
	color 75,75,75
	body {
		x -0.875,-1,-2,-1,-0.875
		y -0.875,-1,-0.5,-0.5,-0.625
	}
}
poly {
	color 75,75,75
	body {
		x -0.875,-1,-2,-1,-0.875
		y -0.375,-0.5,0,0,-0.125
	}
}
poly {
	color 75,75,75
	body {
		x -0.875,-1,-2,-1,-0.875
		y 0.125,0,0.5,0.5,0.375
	}
}
poly {
	color 192,192,192
	body {
		x 0.875,0.625,-0.625,-0.625,1.125,0.875,-0.625,-0.75,-1,-0.875,-0.875,-1,-0.875,-0.875,-1,-0.875,-0.875,-1,-0.75,-0.625,-0.625,1.125,0.875,-0.625,-0.625
		y -0.25,-0.375,-0.375,-0.75,-0.75,-0.875,-0.875,-1,-1,-0.875,-0.625,-0.5,-0.375,-0.125,0,0.125,0.375,0.5,0.5,0.375,0.25,0.25,0.125,0.125,-0.25
	}
}