type scf
hp 500
mass 1000
thrust 1324000
impulse 10000
poly {
	color 100,100,100
	body {
		x 2,1.75,1.5,1.5,-1,-1.5,-1.5,-1
		y 0.5,0.375,-0.125,-0.5,-0.5,-0.25,0.25,0.5
	}
}
poly {
	color 75,75,75
	body {
		x -1.375,-1.5,-2.5,-1.5,-1.375
		y -0.125,-0.25,0,0.25,0.125
	}
}
poly {
	color 75,75,75
	body {
		x 2,1.5,1.5,1.75
		y 0.5,-0.5,-0.125,0.375
	}
}
poly {
	color 192,192,192
	body {
		x 1.375,1.375,1.25,1.125,1.25,1.25,1.125,0.875,0.75,0.25,0.125,0.25,0.375,0.375,0.25,0.25,0.125,0,-0.125,0,0.125,0.125,0,0,-0.125,-0.25,-0.375,-0.25,-0.125,-0.125,-0.25,-0.25,-0.375,-0.5,-0.625,-0.5,-0.375,-0.375,-0.5,-0.5,-0.625,-0.75,-0.875,-1.125,-1.125,-1.25,-1.5,-1.625,-1.375,-1.625,-1.375,-1.625,-1.5,-1.25,-1.125,-1.125,-0.875,-0.75,-0.625,-0.625,-0.5,-0.5,-0.625,-0.5,-0.375,-0.375,-0.25,-0.25,-0.375,-0.25,-0.125,-0.125,0,0,-0.125,0,0.125,0.125,0.25,0.25,0.125,0.25,0.75,0.875,1.125,1.25
		y 0.5,-0.375,-0.5,-0.5,-0.375,0.125,-0.125,-0.25,-0.25,0,0,-0.25,-0.375,-0.5,-0.5,-0.375,-0.25,0,0,-0.25,-0.375,-0.5,-0.5,-0.375,-0.25,0,0,-0.25,-0.375,-0.5,-0.5,-0.375,-0.25,0,0,-0.25,-0.375,-0.5,-0.5,-0.375,-0.25,0,0,-0.125,-0.25,-0.375,-0.25,-0.125,-0.125,0,0.125,0.125,0.25,0.375,0.25,0,0.25,0.25,0.375,0.5,0.5,0.375,0.25,0.25,0.375,0.5,0.5,0.375,0.25,0.25,0.375,0.5,0.5,0.375,0.25,0.25,0.375,0.5,0.5,0.375,0.25,0.25,0,0,0.125,0.375,0.5
	}
}