type scf
hp 100
mass 500
poly {
	color 64,64,64
	body {
		x 1.5,1.375,1.25,0.875,0.25,-0.25,-0.875,-1.25,-1.375,-1.5,-1.5,-1.375,-1.25,-0.875,-0.25,0.25,0.875,1.25,1.375,1.5
		y -0.125,-0.375,-0.5,-0.625,-0.75,-0.75,-0.625,-0.5,-0.375,-0.125,0.125,0.375,0.5,0.625,0.75,0.75,0.625,0.5,0.375,0.125
	}
}
poly {
	color 128,128,128
	body {
		x 1.5,1.375,1.25,0.875,0.25,-0.25,-0.875,-1.25,-1.375,-1.5,-1.5,-1.375,-1.25,-0.875,-0.25,0.25,0.875,1.25,1.375,1.5
		y -0.125,-0.375,-0.5,-0.625,-0.75,-0.75,-0.625,-0.5,-0.375,-0.125,0.125,0.375,0.5,0.625,0.75,0.75,0.625,0.5,0.375,0.125
	}
	hole {
		x 1.25,0.875,-0.875,-1.25,-1.25,-0.875,0.875,1.25
		y -0.125,-0.5,-0.5,-0.125,0.125,0.5,0.5,0.125
	}
}
poly {
	color 160,160,160
	body {
		x 1.5,1.375,1.125,1.125,1.375,1.5
		y -0.125,-0.375,-0.25,0.25,0.375,0.125
	}
}
poly {
	color 112,112,112
	body {
		x 1,0.875,0.5,0.375,0.375,0.5,0.875,1
		y -0.125,-0.25,-0.25,-0.125,0.125,0.25,0.25,0.125
	}
}
poly {
	color 160,160,160
	body {
		x 0.375,0.5,0.375,0.125,0.125,0.375,0.5,0.375
		y -0.125,-0.25,-0.25,-0.125,0.125,0.25,0.25,0.125
	}
}
poly {
	color 112,112,112
	body {
		x -0.25,-0.375,-0.75,-0.875,-0.875,-0.75,-0.375,-0.25
		y -0.125,-0.25,-0.25,-0.125,0.125,0.25,0.25,0.125
	}
}
poly {
	color 160,160,160
	body {
		x -0.875,-0.75,-0.875,-1.125,-1.125,-0.875,-0.75,-0.875
		y -0.125,-0.25,-0.25,-0.125,0.125,0.25,0.25,0.125
	}
}
poly {
	color 0,140,255,160
	body {
		x 1.5,1.375,1.25,0.875,0.25,-0.25,-0.875,-1.25,-1.375,-1.5,-1.5,-1.375,-1.25,-0.875,-0.25,0.25,0.875,1.25,1.375,1.5
		y -0.125,-0.375,-0.5,-0.625,-0.75,-0.75,-0.625,-0.5,-0.375,-0.125,0.125,0.375,0.5,0.625,0.75,0.75,0.625,0.5,0.375,0.125
	}
}
poly {
	color 160,160,160
	body {
		x 0,0.125,0.25,-0.25,-0.375,-0.5,-0.5,-0.375,-0.25,0.25,0.125,0
		y -0.25,-0.625,-0.75,-0.75,-0.625,-0.25,0.25,0.625,0.75,0.75,0.625,0.25
	}
}