type scf
hp 300
mass 1000
poly {
	color 64,64,64
	body {
		x 1.5,1.25,0.75,0.25,-0.75,-1.25,-1.75,-2,-1.75,-1.25,-0.75,0.25,0.75,1.25
		y 0,-0.25,-0.5,-0.625,-0.625,-0.5,-0.25,0,0.25,0.5,0.625,0.625,0.5,0.25
	}
}
poly {
	color 128,128,128
	body {
		x 1.5,1.25,0.75,0.25,-0.75,-1.25,-1.75,-2,-1.75,-1.25,-0.75,0.25,0.75,1.25
		y 0,-0.25,-0.5,-0.625,-0.625,-0.5,-0.25,0,0.25,0.5,0.625,0.625,0.5,0.25
	}
	hole {
		x 1.125,1,0.625,-1.125,-1.5,-1.625,-1.625,-1.5,-1.125,0.625,1,1.125
		y -0.125,-0.25,-0.375,-0.375,-0.25,-0.125,0.125,0.25,0.375,0.375,0.25,0.125
	}
}
poly {
	color 0,140,255,0
	body {
		x 1.5,1.25,0.75,0.25,-0.75,-1.25,-1.75,-2,-1.75,-1.25,-0.75,0.25,0.75,1.25
		y 0,-0.25,-0.5,-0.625,-0.625,-0.5,-0.25,0,0.25,0.5,0.625,0.625,0.5,0.25
	}
}